      0/99    0.998G   0.07863   0.01365   0.03792    0.1302         0       640  0.001904   0.01569 0.0005648 0.0001012     0.124   0.02903   0.04448
      1/99     6.34G   0.06653  0.009993   0.03665    0.1132         0       640   0.01744   0.08202  0.009703  0.002139     0.117   0.02681   0.04556
      2/99     6.51G   0.05777  0.008727   0.03611    0.1026         0       640    0.1407    0.1296   0.05163   0.02304    0.1122   0.03269   0.04167
      3/99     6.72G   0.04781  0.008823   0.03464   0.09128         0       640   0.06266    0.3879    0.1255    0.0664   0.09044   0.03875   0.04069
      4/99     7.17G   0.04322  0.009145   0.03544   0.08781         3       640   0.05186    0.5246    0.1002   0.03393   0.09493   0.03959   0.03891
      5/99     7.04G   0.04595  0.008469   0.03557   0.08999         2       640   0.07519    0.5072    0.1387    0.0734    0.1038   0.03134   0.03802
      6/99     7.04G   0.04327  0.008338   0.03515   0.08677         0       640   0.06488    0.5219    0.1168   0.07527   0.09687    0.0358    0.0387
      7/99     6.97G   0.03885  0.008321   0.03448   0.08165         0       640   0.08474    0.6019    0.1649    0.1197   0.08907   0.03892   0.03785
      8/99     6.83G   0.03782  0.009983   0.03505   0.08286        14       640   0.08344    0.6677    0.1795    0.1329   0.08672    0.0389   0.03738
      9/99     6.87G   0.03646   0.00809   0.03482   0.07936         0       640    0.3832    0.3169    0.2008     0.147   0.08469   0.03785   0.03623
     10/99     6.84G   0.03612  0.007469   0.03534   0.07893         4       640    0.1168    0.6021    0.2092    0.1435   0.08892   0.03614   0.03572
     11/99     6.98G   0.03383    0.0067   0.03324   0.07378         0       640    0.1195    0.7223    0.2464    0.1957   0.08257   0.03667    0.0356
     12/99      6.8G   0.03434  0.006916   0.03466   0.07591         3       640    0.1309    0.7157     0.268    0.2139   0.05921   0.04097   0.03499
     13/99     7.21G   0.03187  0.007084   0.03329   0.07225         0       640    0.2123    0.4541    0.2478    0.1832   0.06113   0.03909   0.03466
     14/99     6.89G   0.03483  0.006837   0.03339   0.07506         0       640    0.1307    0.5611    0.2341    0.1791      0.06   0.03908   0.03388
     15/99     6.88G   0.03503  0.007101   0.03398   0.07611         0       640    0.1411    0.5108     0.269    0.1985   0.05948   0.03841   0.03409
     16/99     6.55G   0.03174  0.006378   0.03294   0.07105         0       640    0.1919    0.5774    0.3061    0.2201   0.06166   0.03496   0.03492
     17/99     6.73G   0.03281  0.005951   0.03371   0.07247         5       640     0.158    0.5797    0.3003    0.2279   0.05812    0.0366   0.03396
     18/99     6.84G   0.03138  0.005969    0.0325   0.06985         4       640    0.2698    0.4948    0.3558    0.2888    0.0549   0.03679   0.03309
     19/99     6.88G   0.03022  0.005838   0.03178   0.06784         2       640      0.21    0.6596    0.3526    0.2715    0.0547   0.03611   0.03347
     20/99     6.37G   0.02979  0.004983   0.03069   0.06546         0       640    0.5598    0.4876    0.3905    0.2831   0.05621   0.03469     0.032
     21/99     6.88G   0.03042  0.005121   0.03039   0.06593         4       640    0.2414     0.743    0.4299    0.3431   0.05193   0.03605   0.03131
     22/99     6.51G   0.03082  0.005644   0.03075   0.06722         3       640    0.2382    0.7034    0.4356     0.319   0.05285   0.03589    0.0316
     23/99     7.06G   0.02862  0.005646   0.02846   0.06272         0       640    0.2853     0.603    0.4787    0.3628   0.05455   0.03477   0.03216
     24/99      6.5G   0.02892  0.004731   0.02701   0.06067         0       640    0.6915    0.5215    0.5552    0.4375   0.05196   0.03583   0.03157
     25/99     6.65G   0.02753   0.00433    0.0251   0.05696         0       640    0.6599     0.645    0.5984    0.3848   0.05202   0.03637   0.03019
     26/99     6.72G   0.03033   0.00412   0.02482   0.05928         0       640    0.7119    0.6182    0.5912     0.441   0.05142   0.03662   0.02953
     27/99     6.69G   0.03072  0.004733   0.02476    0.0602         4       640    0.4305    0.8711    0.6672    0.5369   0.05171   0.03654   0.03053
     28/99     6.52G   0.02967  0.004272   0.02186   0.05581         0       640     0.429    0.7784    0.6315    0.4706   0.06072    0.0347   0.02883
     29/99     6.87G   0.02886  0.004411    0.0211   0.05437         0       640    0.4912    0.8179    0.6856    0.5294   0.05712    0.0346   0.02751
     30/99     6.73G   0.03158  0.004022   0.02122   0.05682         2       640    0.5364    0.7896    0.7017    0.5503   0.05582   0.03533    0.0281
     31/99     6.87G   0.02827  0.004212   0.02007   0.05256         0       640    0.5022    0.7778    0.6901     0.537   0.05221   0.03571   0.02842
     32/99      6.5G   0.03088  0.004376   0.02161   0.05687         1       640    0.6351    0.7964    0.7745    0.6149   0.05099   0.03529    0.0274
     33/99     6.87G    0.0305  0.003361    0.0196   0.05346         0       640    0.5422    0.8234     0.738    0.5654   0.05226   0.03587   0.02838
     34/99     7.05G    0.0305  0.004132   0.01846   0.05309         5       640    0.4724    0.7755     0.712    0.5578   0.05005   0.03786   0.02721
     35/99     7.21G   0.03083   0.00395   0.01875   0.05353         0       640     0.559    0.7065    0.7043    0.5168   0.05338   0.03745   0.02646
     36/99      7.2G   0.02902  0.004257   0.01829   0.05157         0       640    0.4655    0.7506    0.6913    0.5289   0.05155   0.03554   0.02678
     37/99     6.97G   0.02824  0.004205   0.01779   0.05023         2       640    0.5898    0.8212    0.8084    0.6518   0.06211   0.03321   0.02355
     38/99     6.84G   0.02819  0.004162   0.01647   0.04882         4       640    0.6276    0.8229    0.7911    0.6285   0.07277   0.03048   0.02393
     39/99     6.86G   0.02864  0.004447   0.01569   0.04878        11       640    0.6334    0.8615    0.7856    0.6215   0.06021   0.03219   0.02244
     40/99     7.13G   0.03104  0.004164     0.016   0.05121         5       640    0.6693    0.8462    0.7947    0.6343   0.06087   0.03295   0.02216
     41/99     7.04G   0.02809    0.0039   0.01525   0.04724         4       640    0.6007    0.8403    0.8178    0.6389   0.06615    0.0324    0.0233
     42/99      6.9G   0.02666  0.003917    0.0141   0.04467         0       640    0.6302    0.8938    0.7853    0.6473   0.05387   0.03466   0.02172
     43/99     6.52G   0.02474  0.003767   0.01289    0.0414         0       640    0.7172    0.8088    0.8461    0.7031   0.05091   0.03302   0.02216
     44/99     6.86G   0.02509  0.003995   0.01266   0.04175         5       640    0.7649    0.8202     0.832    0.7052    0.0505   0.03294   0.02127
     45/99     6.73G   0.02391  0.003961   0.01217   0.04005         7       640    0.7138    0.9061    0.8393    0.6952   0.05074   0.03198   0.02207
     46/99     6.99G   0.02344  0.003596   0.01091   0.03794         0       640    0.6893    0.8928    0.8488    0.7157   0.04995   0.03335   0.02154
     47/99     6.51G   0.02359  0.003047   0.01226    0.0389         2       640    0.7178    0.8502    0.8389    0.6911   0.05049    0.0331   0.02069
     48/99     6.98G   0.02281  0.003757   0.01081   0.03737         1       640    0.6923    0.9317    0.8417    0.6862    0.0516    0.0328   0.01966
     49/99     6.72G   0.02393  0.004243   0.01122   0.03939        11       640    0.6864    0.8521     0.792     0.646   0.05264   0.03167   0.02025
     50/99     6.99G   0.02374  0.003994   0.01098   0.03871         3       640    0.6432      0.85    0.7981    0.6353   0.05114   0.03319   0.02078
     51/99     7.16G   0.02305  0.003674    0.0112   0.03792         2       640    0.6561    0.8897    0.8611    0.7388   0.04993   0.03336   0.02029
     52/99      7.2G   0.02221   0.00341   0.01048    0.0361         0       640    0.7857    0.8828    0.8693    0.7281   0.04888   0.03384   0.01972
     53/99     7.13G   0.02312  0.005555   0.01007   0.03874        20       640    0.8115    0.8579    0.8919    0.7308    0.0478   0.03378   0.02002
     54/99     7.21G   0.02094  0.003588  0.009434   0.03396         0       640    0.8211    0.8666    0.8774    0.7562   0.04674    0.0335   0.02047
     55/99     6.83G   0.02018    0.0034  0.008737   0.03232         2       640    0.8444    0.8585    0.8796    0.7432     0.047   0.03337   0.02188
     56/99     6.85G   0.02033  0.003687  0.009002   0.03302         1       640     0.845    0.8726    0.9067    0.7942   0.04544   0.03324   0.02269
     57/99     6.69G   0.02028  0.003228  0.008434   0.03194         0       640     0.781    0.9185    0.9105    0.7809    0.0462   0.03336    0.0225
     58/99     6.83G   0.02009  0.003283  0.008144   0.03152         0       640    0.7882    0.9147    0.9021    0.7823   0.04666   0.03268   0.02259
     59/99     6.99G   0.01973  0.002889  0.007081    0.0297         0       640     0.747    0.9191    0.8872    0.7384    0.0473   0.03284   0.02252
     60/99     6.53G   0.02057  0.003256   0.00834   0.03217         3       640    0.7818    0.9193    0.8814    0.7485   0.04672    0.0323   0.02197
     61/99     6.98G   0.01932  0.003328  0.006952    0.0296         0       640     0.782    0.9416    0.9001    0.7694   0.04602   0.03231   0.02221
     62/99     6.73G   0.02023  0.002977  0.008156   0.03137         1       640    0.8427    0.8996    0.9221    0.7901   0.04588    0.0323   0.02113
     63/99     6.97G   0.01924  0.003307  0.007819   0.03036         4       640    0.8361    0.9364    0.9299    0.7892   0.04556   0.03248   0.02143
     64/99     6.84G   0.01946  0.003466   0.00716   0.03008         1       640    0.8113    0.9287    0.9345     0.818   0.04421   0.03233    0.0239
     65/99        7G   0.01845  0.003712  0.006557   0.02872         1       640    0.8002    0.9309    0.9411    0.8188   0.04324   0.03311    0.0208
     66/99     6.84G   0.01844   0.00328  0.006745   0.02846         1       640    0.8496    0.9159    0.9382    0.8114   0.04402   0.03297   0.02038
     67/99     6.87G    0.0182  0.003539  0.006349   0.02809         4       640    0.8057    0.9216    0.9249     0.802   0.04368   0.03215     0.021
     68/99     6.72G   0.01747  0.002958  0.006203   0.02663         0       640    0.7924     0.948    0.9367    0.7986   0.04345   0.03237   0.02113
     69/99     6.67G   0.01827  0.002841  0.006421   0.02753         4       640    0.8538    0.9174    0.9347    0.8162    0.0438   0.03216   0.02136
     70/99     7.35G   0.01698   0.00312  0.006495    0.0266         0       640    0.8469    0.9185     0.924    0.8006   0.04379   0.03246   0.02047
     71/99     7.02G   0.01729   0.00284  0.005793   0.02592         0       640    0.8057    0.9521    0.9387    0.8137   0.04416   0.03278   0.01974
     72/99     6.84G   0.01796  0.002773  0.006441   0.02717         0       640    0.8246     0.954    0.9617    0.8295   0.04607   0.03171   0.01921
     73/99     6.84G   0.01687  0.002817  0.005752   0.02543         5       640    0.8181    0.9671    0.9536     0.839   0.04857   0.02955   0.01908
     74/99     6.96G   0.01684  0.002968  0.006224   0.02603         0       640    0.8122     0.974    0.9545     0.841   0.04832    0.0291   0.01916
     75/99     6.83G   0.01762  0.002792  0.006001   0.02641         0       640    0.8598    0.9131    0.9419    0.8203   0.04607   0.03106   0.01955
     76/99        7G   0.01679  0.002697  0.005676   0.02516         0       640       0.9    0.9087    0.9526    0.8344   0.04366   0.03227   0.01953
     77/99     7.03G   0.01675  0.002875  0.005065   0.02469         2       640    0.8808    0.8867    0.9403    0.8171   0.04373   0.03204   0.02079
     78/99     6.67G   0.01604  0.002876  0.004618   0.02354         0       640    0.8229    0.9315    0.9442    0.8309   0.04287   0.03274   0.01937
     79/99     6.83G   0.01581  0.003127  0.005192   0.02413         0       640    0.8655    0.9317    0.9563    0.8534   0.04194    0.0334   0.01914
     80/99     6.99G   0.01596  0.002819  0.005057   0.02384         0       640    0.8978    0.9198     0.954    0.8566   0.04196   0.03315   0.01908
     81/99     6.53G   0.01654  0.002653  0.005761   0.02495         0       640    0.9076    0.9164    0.9493    0.8537   0.04131   0.03338   0.01916
     82/99     6.88G   0.01542  0.002784  0.004559   0.02276         0       640    0.8802    0.9367    0.9611    0.8579   0.04145   0.03326   0.01965
     83/99     6.73G     0.015  0.002794  0.004226   0.02202         7       640    0.9004    0.9387    0.9643    0.8561   0.04097   0.03327   0.01967
     84/99     6.67G   0.01502  0.002773   0.00434   0.02214         0       640    0.9348    0.9524    0.9675    0.8549   0.04065   0.03294   0.01989
     85/99      6.5G   0.01568  0.003132  0.004481   0.02329         6       640    0.9305    0.9622    0.9683    0.8658   0.04112   0.03252   0.02008
     86/99     6.65G   0.01625  0.002656  0.004806   0.02371         0       640    0.9217    0.9351    0.9654    0.8616   0.04103   0.03273   0.02018
     87/99     6.83G   0.01536  0.002607  0.004604   0.02257         0       640    0.8417    0.9755     0.955    0.8436    0.0408   0.03298   0.02031
     88/99     6.69G   0.01458  0.002882  0.004581   0.02204         0       640    0.8841    0.9331     0.959    0.8541   0.04057   0.03279   0.02013
     89/99     6.82G   0.01604  0.002877  0.005391   0.02431         1       640    0.9147    0.9421    0.9673    0.8643   0.04081   0.03263   0.02013
     90/99     6.69G   0.01561   0.00281  0.004855   0.02327         2       640    0.9007    0.9557    0.9673      0.87    0.0414   0.03252   0.02008
     91/99     7.14G   0.01466  0.002903  0.003792   0.02135         0       640    0.8858    0.9644     0.964    0.8724   0.04146   0.03261   0.01995
     92/99     7.01G   0.01408  0.003048  0.003283   0.02041         4       640    0.8931    0.9616    0.9671     0.859    0.0412   0.03252   0.01981
     93/99     7.06G   0.01473  0.002531  0.004026   0.02129         0       640    0.8996    0.9707    0.9729     0.877   0.04111   0.03208   0.01924
     94/99     6.76G   0.01461  0.002531  0.003426   0.02057         0       640    0.9243    0.9373    0.9675    0.8711   0.04152   0.03194    0.0194
     95/99     6.52G   0.01419  0.002567  0.003377   0.02013         1       640    0.9313    0.9466    0.9693    0.8686   0.04118   0.03212   0.01967
     96/99     6.69G   0.01474  0.003096   0.00365   0.02149        12       640      0.95    0.9586    0.9737    0.8745    0.0404   0.03263   0.01983
     97/99     6.99G   0.01389  0.002711  0.003594   0.02019         0       640    0.9526    0.9573    0.9737    0.8754   0.04095   0.03244   0.01994
     98/99     6.83G   0.01362  0.002788  0.003338   0.01975         0       640    0.9701    0.9395     0.972    0.8699   0.04104   0.03229   0.01999
     99/99      7.2G   0.01387  0.002753  0.003027   0.01965         2       640    0.9697    0.9367    0.9733    0.8769   0.04112   0.03231   0.01993
